[gd_scene load_steps=15 format=2]

[ext_resource path="res://scene/Assets/grandstand.png" type="Texture" id=1]
[ext_resource path="res://scene/scene.tres" type="Material" id=2]
[ext_resource path="res://scene/Assets/grass.png" type="Texture" id=3]
[ext_resource path="res://scene/Assets/people.png" type="Texture" id=5]

[sub_resource type="PhysicsMaterial" id=1]

[sub_resource type="PlaneMesh" id=2]
size = Vector2( 12, 8 )

[sub_resource type="PlaneMesh" id=4]
size = Vector2( 12, 6 )

[sub_resource type="SpatialMaterial" id=5]
albedo_texture = ExtResource( 3 )
uv1_scale = Vector3( 2, 1, 1 )
uv1_triplanar_sharpness = 0.999999

[sub_resource type="PlaneMesh" id=6]
flip_faces = true
size = Vector2( 12, 2 )

[sub_resource type="SpatialMaterial" id=7]
albedo_texture = ExtResource( 5 )
uv1_scale = Vector3( 4, 1, 1 )

[sub_resource type="SpatialMaterial" id=8]
albedo_texture = ExtResource( 1 )
uv1_scale = Vector3( 6, 1, 0 )
uv1_triplanar_sharpness = 0.63728

[sub_resource type="PlaneMesh" id=9]
material = SubResource( 8 )
size = Vector2( 12, 1.5 )

[sub_resource type="BoxShape" id=10]
extents = Vector3( 6, 0.001, 12 )

[sub_resource type="BoxShape" id=11]
extents = Vector3( 6, 2, 0.1 )

[node name="Spatial" type="StaticBody"]
physics_material_override = SubResource( 1 )

[node name="road" type="MeshInstance" parent="."]
transform = Transform( -1, 0, -3.25841e-07, 0, 1, 0, 3.25841e-07, 0, -1, 0, 0.001, 0 )
mesh = SubResource( 2 )
material/0 = ExtResource( 2 )

[node name="grassBack" type="MeshInstance" parent="."]
transform = Transform( 1, 0, 0, 0, 0.819152, 0.573577, 0, -0.573577, 0.819152, 0, 1.71712, 6.43854 )
mesh = SubResource( 4 )
material/0 = SubResource( 5 )

[node name="grassFront" type="MeshInstance" parent="."]
transform = Transform( 1, 0, 0, 0, 0.819152, 0.573577, 0, -0.573577, 0.819152, 0, -1.64723, -6.43531 )
mesh = SubResource( 4 )
material/0 = SubResource( 5 )

[node name="people" type="MeshInstance" parent="."]
transform = Transform( 1, 0, 0, 0, -0.573577, -0.819152, 0, 0.819152, -0.573577, 0, 3.97523, 7.43683 )
mesh = SubResource( 6 )
material/0 = SubResource( 7 )

[node name="grandstand" type="MeshInstance" parent="."]
transform = Transform( -1, -1.45851e-07, -3.90805e-08, 0, 0.258819, -0.965926, 1.50996e-07, -0.965926, -0.258819, 0, 2.46486, 6.67762 )
mesh = SubResource( 9 )
material/0 = null

[node name="CollisionGround" type="CollisionShape" parent="."]
shape = SubResource( 10 )

[node name="CollisionWallFront" type="CollisionShape" parent="."]
transform = Transform( 1, 0, 0, 0, 1, 0, 0, 0, 1, 0, 1.97968, -4.08711 )
shape = SubResource( 11 )

[node name="CollisionWallBack" type="CollisionShape" parent="."]
transform = Transform( 1, 0, 0, 0, 1, 0, 0, 0, 1, 0, 1.97968, 4.12469 )
shape = SubResource( 11 )
